3 11 247
11 1 188
10 3 519
8 4 463
5 9 480
7 2 430
9 7 30
14 8 911
2 1 984
11 9 760
7 12 723
3 1 304
2 3 725
5 11 249
3 8 803
14 0 97
0 2 874
6 1 365
1 10 991
7 6 425
11 5 680
12 11 802
0 12 747
9 11 839
12 1 969
14 1 518
5 12 159
14 9 455
7 11 440
7 9 822
3 6 581
0 7 901
6 12 44
9 13 734
8 3 991
11 2 38
2 12 219
1 8 11
1 9 548
0 8 573
12 6 506
4 0 9
12 8 303
5 13 20
14 7 506
3 9 498
10 4 828
9 10 306
4 14 56
8 14 710
8 1 238
11 6 963
6 0 813
2 9 235
13 4 129
0 4 244
7 0 868
7 4 581
9 0 799
10 8 967
13 14 282
5 6 94
7 8 680
13 12 160
13 8 403
6 8 271
12 5 134
6 13 933
1 7 320
1 0 974
0 14 872
11 7 87
11 4 280
4 9 488
12 13 420
1 5 738
10 13 917
14 6 415
12 9 75
6 2 381
12 0 506
3 12 24
2 4 569
2 10 621
7 1 14
9 6 494
3 7 219
10 6 137
0 1 767
6 3 164
6 11 880
11 12 329
8 0 614
4 11 364
1 2 688
8 12 388
8 11 308
6 9 604
11 8 859
0 6 43
7 14 297
0 3 634
13 11 338
10 11 644
