0	206	424	207	244	221	43	192	217	162	468	454	87	241	300	
483	0	357	690	474	533	526	320	11	474	780	319	399	553	530	
511	279	0	611	502	353	447	265	290	235	541	598	219	373	558	
316	143	285	0	307	158	252	129	154	99	405	247	24	178	363	
9	215	402	216	0	230	52	201	226	171	477	364	96	250	56	
158	257	287	258	149	0	94	243	268	213	519	249	138	20	205	
336	163	381	164	327	178	0	149	174	119	425	411	44	198	383	
394	14	371	589	488	547	425	0	25	488	794	333	413	567	297	
472	238	346	679	463	522	515	395	0	463	769	308	388	542	519	
424	44	401	607	518	577	443	30	55	0	306	363	443	597	327	
473	300	518	301	464	315	137	286	311	256	0	548	181	335	520	
289	101	38	496	280	391	332	87	112	273	579	0	257	411	336	
292	119	421	392	283	134	228	105	130	75	381	383	0	154	339	
138	279	376	345	129	294	181	265	290	235	541	338	160	0	185	
97	303	521	304	341	318	140	289	314	259	565	551	184	338	0
